Score: 0.36824
Public score: 0.25537
Rank: 899