Score: 0.36295
Public score: 0.25357
Rank: 816