Score: 0.36600
Public score: 0.25457
Rank: 858