Score: 0.36668
Public score: 0.25228
Rank: 865