Score: 0.36280
Public score: 0.25380
Rank: 816