Score: 0.36438
Public score: 0.25232
Rank: 841